time,x,y,z,phi,theta,psi,x_velocity,y_velocity,z_velocity,phi_velocity,theta_velocity,psi_velocity,rotor_speed1,rotor_speed2,rotor_speed3,rotor_speed4
0.06,-6.12619698273e-08,3.32311519886e-07,10.0046561912,0.000288918654284,6.2827639355,0.0,1.43478274549e-05,2.85536367056e-05,0.155197198149,0.0130312901605,-0.0272625187816,0.0,454.4867332454845,452.29685496682663,454.23550763565885,455.2790737295236
0.12000000000000001,1.99004534734e-05,1.36283518183e-05,10.0227413092,0.00117618328545,6.28072109396,0.0,0.00088368781977,0.000523809264961,0.447571058093,0.0180875012148,-0.0532343636315,0.0,495.7580952036264,493.84592726694797,493.48282729315974,493.8557214693403
0.18,0.000150724437015,7.99697242495e-05,10.057368354,0.00208694592372,6.27724327078,0.0,0.0038927190988,0.00181363261581,0.706537971151,0.00861572850397,-0.0696684295289,0.0,485.82470367185505,484.58900293496475,485.0917294952406,484.37994106663854
0.23999999999999996,0.000562225638778,0.000248454115063,10.1092668864,0.00209705446326,6.2749518462,0.0,0.0102130907991,0.00385211778644,1.02318169554,-0.0277439281593,-0.00747833585359,0.0,499.8008955711267,504.3110152007219,502.26505730658124,499.62151082878836
0.3,0.00137480580986,0.000522641700858,10.1770105728,0.000536185928378,6.27431727313,0.0,0.0169343776662,0.00509621415226,1.23473651878,-0.0227627871426,-0.0176309411162,0.0,472.3752769734216,471.5919372586392,471.89124500614844,472.2754572946708
0.36000000000000004,0.00262493349405,0.000835665491366,10.2593186111,6.28204698633,6.27363143973,0.0,0.0248421394871,0.00514720233946,1.50854360479,-0.0409561818915,-0.0012625809225,0.0,490.12608057000915,491.3410757848917,490.8405972395066,489.48851871768477
0.4200000000000001,0.00429219144617,0.0011153410787,10.3506493343,6.27988637267,6.2731359678,0.0,0.0307532188964,0.00396607577443,1.53577686608,-0.0276057225477,-0.0283732932375,0.0,417.19641975098625,414.8227893416788,414.3677414180139,415.53889182065075
0.48000000000000015,0.006369823164,0.00127258665127,10.4475651799,6.27837467555,6.27144101731,0.0,0.0386868681506,0.00110135080666,1.69452675241,-0.0207640775727,-0.0280021255124,0.0,457.17037092021764,457.1997511524803,457.47267343402314,458.01698114542205
0.5400000000000001,0.0089150597677,0.00124507431474,10.5501702536,6.27728877862,6.26931203313,0.0,0.0463217582266,-0.00212476790666,1.72559303368,-0.0132389591426,-0.0578780918665,0.0,418.997455977667,416.39130758068285,416.69965958376514,417.35695392963237
0.6000000000000002,0.0120414930556,0.000973086067402,10.6599776319,6.27661140614,6.2660506839,0.0,0.0582845021591,-0.00702605221782,1.93431674468,-0.00765093959124,-0.0481090967273,0.0,472.7337184286077,473.4840156989108,472.6570564451462,473.08761503945806
0.6600000000000003,0.0159460537716,0.000397832902156,10.7814540829,6.27579281175,6.26267518299,0.0,0.0722072986161,-0.0122150275939,2.11457530304,-0.0296662267822,-0.0822738811352,0.0,465.707290068478,463.0250193707708,466.9930413023263,465.272805129143
0.7200000000000003,0.0207977863974,-0.000522095503637,10.9149028491,6.27410433657,6.25758383782,0.0,0.0901067594413,-0.0186530095416,2.33328097847,-0.0252539908086,-0.0905924935329,0.0,478.1296856252333,477.4901422380402,476.5996593604421,476.9365965825125
0.7800000000000004,0.0268076596608,-0.00185375668526,11.0599693309,6.2728412333,6.25301945455,0.0,0.11076276088,-0.0258867647206,2.5018969953,-0.0137506386759,-0.0566492282892,0.0,461.57537918958656,464.2414611980007,463.35757405844475,464.26100150035506
0.8400000000000004,0.0341994954963,-0.0036612835937,11.2166431148,6.2718375353,6.24953116165,0.0,0.136027515352,-0.0344670724321,2.72005364468,-0.0234705865839,-0.0612947239241,0.0,479.73319169163886,479.3782516012372,478.3713513435198,477.63074714172416
0.9000000000000005,0.0431152285066,-0.00598384936719,11.3841425544,6.27071503973,6.24580973671,0.0,0.16155207853,-0.043083132414,2.86289612342,-0.0105709344239,-0.0635224755911,0.0,457.0946521915643,456.9144325594716,457.2738007020259,458.3002765485004
0.9600000000000005,0.0536291618038,-0.00884008161538,11.5598015963,6.27001115249,6.24174654927,0.0,0.189316135859,-0.0521912352439,2.99205575265,-0.0141598011401,-0.0778108291249,0.0,454.98633701626983,453.8375303407203,453.6799009642634,453.3917785530985
1.0200000000000005,0.0657620766948,-0.0122154630033,11.7399549478,6.26891817593,6.23713383894,0.0,0.215530552712,-0.060406751364,3.01297771234,-0.0279023198582,-0.0750772169109,0.0,420.42778689610196,420.65951971143625,420.3979503943595,419.20548305479775
1.0800000000000005,0.0796392562082,-0.0161336790835,11.9232308864,6.26727625419,6.23281431578,0.0,0.247469275523,-0.070361756005,3.09597041901,-0.026312666245,-0.0664457501638,0.0,439.97208514382595,440.6820619431302,440.5824246230316,440.7136488082218
1.1400000000000006,0.0956254268542,-0.0207159999424,12.1135806122,6.26547581183,6.22859152899,0.0,0.285829435072,-0.0825590106487,3.24856613513,-0.0386673173585,-0.0797090591777,0.0,463.1879762667778,462.1400643107345,462.91659780834726,461.9431040493491
1.2000000000000006,0.114012182494,-0.0260737431539,12.3131306759,6.2633865327,6.22323044474,0.0,0.327572573254,-0.0962650487206,3.40261326929,-0.0280672090756,-0.128232872562,0.0,465.16426861069317,461.34102483384254,464.1909975851016,465.02161841276165
1.2600000000000007,0.135018970404,-0.0322926444132,12.5216522811,6.26167893019,6.21601799106,0.0,0.373431324794,-0.111205809713,3.54760177401,-0.0292573865942,-0.107687918241,0.0,461.6462548433629,463.25189976948747,462.05511661827876,461.96108612513126
1.3200000000000007,0.158715515593,-0.0393768491284,12.7357065638,6.25969470571,6.20948795534,0.0,0.417047758357,-0.125103260931,3.58735779748,-0.0420607203239,-0.111228327015,0.0,431.08843927477744,430.7782985390425,430.20012229726046,429.11407893961854
1.3800000000000008,0.185277569092,-0.0473746659924,12.9538006227,6.25703999502,6.20288488782,0.0,0.469000716254,-0.14174342863,3.68206898773,-0.0490158045924,-0.107796878015,0.0,447.36964219786466,447.6383565113936,449.22324079767895,448.6577788407433
1.4400000000000008,0.214977500668,-0.05638934482,13.1761729596,6.25418740959,6.1960642443,0.0,0.521604093176,-0.159012875237,3.73010792402,-0.0447502336239,-0.129266131925,0.0,434.61276437603993,432.7972604392346,434.52853669225794,434.88457094084805
1.5000000000000009,0.248228522495,-0.0665797941588,13.4043454479,6.25169969229,6.18819443401,0.0,0.58756495308,-0.180931800313,3.87504956517,-0.0355868162373,-0.135252611955,0.0,465.29688595475545,464.8129713308762,464.5028139344307,465.22004748602467
1.560000000000001,0.285675145355,-0.0781590032395,13.641864923,6.24920995566,6.18080699374,0.0,0.661453550529,-0.205274104116,4.04156635002,-0.0572028962251,-0.106011883281,0.0,471.85576764348485,474.09455428418323,473.13165758209124,471.4634605786468
1.620000000000001,0.327306977962,-0.0911240394147,13.8854254862,6.24549043767,6.17441631924,0.0,0.726843644933,-0.22721455152,4.07688682682,-0.0738836279868,-0.107528252038,0.0,433.37228675112954,433.2345330622499,434.16693600855837,432.7620424308219
1.680000000000001,0.373372668264,-0.105614692271,14.134633011,6.24083977695,6.16817501511,0.0,0.809304844337,-0.256278159695,4.22933679715,-0.0859803927692,-0.0978023759487,0.0,469.8322917304223,470.5769743043006,471.0002194381304,470.05918856080234
1.740000000000001,0.424256061757,-0.121855495877,14.390690812,6.23627848926,6.16194192271,0.0,0.887355984644,-0.28553806356,4.30550121197,-0.061221741542,-0.120228223422,0.0,448.3792784464536,446.54382661342794,448.360566036409,450.3629916401164
1.8000000000000012,0.479504663766,-0.13976521263,14.6476815332,6.23262052586,6.15438010189,0.0,0.95486627103,-0.311750611926,4.26088921661,-0.0604597565129,-0.141330889562,0.0,409.89614882853914,407.9998522569325,410.3247982920237,410.3894607922825
1.8600000000000012,0.539416503732,-0.159496572504,14.9056837272,6.22903571294,6.14602687058,0.0,1.04297293078,-0.346293750442,4.33869809122,-0.0583585402547,-0.135306812362,0.0,449.29353211197224,449.7639499406604,450.08170894070525,450.24928605866995
1.9200000000000013,0.605098528785,-0.181495811171,15.1706190174,6.22595990567,6.13855692885,0.0,1.14717621341,-0.387329560737,4.49166884581,-0.039913090777,-0.108770031471,0.0,472.24856963753007,474.2777161211579,473.77572759343417,475.19033555795727
1.9800000000000013,0.676550605253,-0.205768616109,15.4403490704,6.22397836195,6.13221894857,0.0,1.23510176249,-0.421945381102,4.4991366488,-0.02194420628,-0.100004256501,0.0,430.0568433075538,430.7885757071375,428.71897895707195,430.24267913175794
2.0400000000000014,0.753736279113,-0.232284308038,15.7127808374,6.22335841493,6.12645044249,0.0,1.33826124353,-0.461972721417,4.58141352282,0.00626120300195,-0.0893654245743,0.0,454.232436708095,455.07719036468393,452.9365607883708,455.19960428342944
2.1000000000000014,0.837606367941,-0.261352215439,15.992538907,6.22373899577,6.12104029087,0.0,1.45786916916,-0.506867156665,4.74299966793,0.00650614340409,-0.0918260301345,0.0,479.5177331081087,479.3245996133632,479.58348945755023,479.60198790618915
2.1600000000000015,0.928033029296,-0.292838173659,16.2774931658,6.22430884802,6.11580027436,0.0,1.5567884175,-0.542611990857,4.75525790316,0.0148940675801,-0.0796000190293,0.0,434.5186440023019,435.53594778424764,434.3871735951576,435.0899843706892
2.2200000000000015,1.02532536098,-0.326747767919,16.5681178699,6.22478436591,6.11100272283,0.0,1.68666105082,-0.587571147874,4.93127508711,-0.0120733551958,-0.08068693951,0.0,486.3977499213368,486.3117993325274,486.52327539105784,484.499686510919
2.2800000000000016,1.12909277389,-0.362874129738,16.8611586566,6.22442193359,6.10615608944,0.0,1.77263927251,-0.616698447999,4.83701025362,0.00389933079796,-0.0809582893908,0.0,402.08346460750136,402.0528610290199,399.6698020477091,401.12329621014356
2.3400000000000016,1.23883206548,-0.40099450007,17.1526794597,6.22524579476,6.10185075961,0.0,1.88567914473,-0.653909730533,4.87998053468,0.0283941923813,-0.0578200279964,0.0,446.21027249798107,448.091313740169,445.43811925560397,447.4369788594379
2.4000000000000017,1.35530962082,-0.441291801059,17.4461402654,6.22664957613,6.09822503512,0.0,1.99715436207,-0.689182305205,4.90179441532,0.010831557972,-0.0662335552345,0.0,440.86958343622035,440.17110694060347,441.71661599192606,440.2657407104663
2.4600000000000017,1.47917074814,-0.483874336726,17.7442702965,6.22711102258,6.09440628678,0.0,2.13179144275,-0.730135940659,5.03507207089,0.000523516914471,-0.0589185155567,0.0,475.2783624999548,475.836076205943,476.87864461896874,476.09038990368254
2.520000000000002,1.61096594565,-0.528843397514,18.0492499659,6.22691936304,6.09083014715,0.0,2.26158995726,-0.768809728205,5.13027768035,-0.0119211224849,-0.0610056470094,0.0,466.16489351120424,465.9994291104458,466.6179664418161,465.64536826882295
2.580000000000002,1.75043146248,-0.576087473917,18.3589961641,6.22602869596,6.08746884507,0.0,2.38746656113,-0.806047090785,5.19409006559,-0.0214470609571,-0.0475632777615,0.0,456.9754494218897,458.0438098533654,458.31770067836726,457.55993875966425
2.640000000000002,1.89749862558,-0.625583368116,18.6725361734,6.22555072086,6.08423736714,0.0,2.51492169952,-0.843870734726,5.25674409468,0.0104936331288,-0.0710302945056,0.0,459.41387454388473,457.5470716122612,457.0644548871947,459.6034689925952
2.700000000000002,2.05211158401,-0.677307478316,18.9890360846,6.22631663501,6.0797055493,0.0,2.63913108869,-0.88018657329,5.29285283366,0.0169599238944,-0.0865249805185,0.0,452.5274888675453,451.2737744745683,450.0865891364796,450.6095955471468
2.760000000000002,2.21361402351,-0.731021203441,19.3046093502,6.22720665594,6.07582042083,0.0,2.74460257486,-0.910212791632,5.22637898439,0.0102006506731,-0.0395848643906,0.0,416.5660149840695,420.6471925388847,418.0116894437373,417.42203672259615
2.820000000000002,2.38136459564,-0.786492146294,19.6156072657,6.22840036314,6.07298305766,0.0,2.8472647147,-0.938771708064,5.14047834331,0.034401998066,-0.0708226906894,0.0,412.44043368512047,409.66973144755184,410.0700464942821,412.2147424940336
2.880000000000002,2.55643063329,-0.843941188881,19.9266707454,6.23071106682,6.06871748128,0.0,2.98850344291,-0.975951697296,5.22764196332,0.045671094147,-0.071638694875,0.0,466.96010640202974,466.8928267177244,466.9941424229456,467.87311635321186
2.940000000000002,2.73987545929,-0.903532565067,20.24218035,6.23286091723,6.06461622838,0.0,3.12655312665,-1.0101546436,5.28880600152,-0.00670280941091,-0.0624864311217,0.0,459.88138318853953,460.6025081815892,462.8165561664006,458.6755030634345
3.000000000000002,2.9319629973,-0.965215019617,20.5626744185,6.23228943496,6.06045934147,0.0,3.27652677355,-1.04594432447,5.39352512693,-0.0158686778228,-0.0885024788079,0.0,475.305438462249,473.30345580205807,476.09515278064816,475.3933423140182
3.0600000000000023,3.13301221191,-1.02903409251,20.8889338162,6.23105742232,6.05552904314,0.0,3.42539548441,-1.08143330197,5.48100673026,-0.0320421290781,-0.0718327513928,0.0,471.39788322354445,472.6793314349304,471.54410602117184,470.2928225191234
3.1200000000000023,3.34359904222,-1.09512997806,21.2226742143,6.22901016186,6.05088411835,0.0,3.59431965156,-1.12192627504,5.6424618238,-0.0386407149396,-0.091942850381,0.0,496.31872310654654,494.8360380844815,494.9061689162508,494.41980879926183
3.1800000000000024,3.56438701041,-1.16369695061,21.5659622059,6.22672008607,6.04539709839,0.0,3.76553448567,-1.16383095589,5.79919464335,-0.0372389565645,-0.0904837339256,0.0,496.33301199205323,496.4340406383413,495.9165012475692,496.01893678498726
3.2400000000000024,3.79459092975,-1.23460389825,21.9146771687,6.22395041299,6.03967834416,0.0,3.90824698001,-1.19992636971,5.82410804632,-0.0775125882892,-0.107325384461,0.0,459.54123737555346,458.1963957841092,460.32360841862857,457.12311078902115
3.3000000000000025,4.03332268044,-1.3077055119,22.2643555032,6.21931726869,6.03304633498,0.0,4.04988135703,-1.23717806238,5.83133701633,-0.0766387470895,-0.117869989234,0.0,455.2111605293777,454.35579246773796,453.9325638012905,453.9981081426935
3.3600000000000025,4.28117088039,-1.38325370286,22.6164376413,6.21441357498,6.02609069754,0.0,4.21212765306,-1.2815012473,5.90378484916,-0.0945828116417,-0.112303574408,0.0,475.28188393846534,475.69734186168864,476.8865925872808,475.50857631760374
3.4200000000000026,4.53829933525,-1.46140942805,22.9706640645,6.20903305302,6.0192048188,0.0,4.35922607482,-1.32413870149,5.90324183476,-0.0813303040109,-0.120201738646,0.0,455.2945238051389,454.6505486017902,454.46884277315013,455.52349341849595
3.4800000000000026,4.80425129478,-1.54218549801,23.3244337529,6.20419787876,6.01158510042,0.0,4.50628891388,-1.36878252545,5.88861187199,-0.0791390299145,-0.146194297148,0.0,453.5049684646713,451.3968494638694,450.6412634939233,450.8132695343998
3.5400000000000027,5.07905505024,-1.62569608159,23.6769705608,6.19988424348,6.00296479317,0.0,4.65439388356,-1.41525092919,5.86214709392,-0.0603519410882,-0.139056936256,0.0,448.68416523078736,449.24432949663736,447.9478853089296,449.46936492574685
3.6000000000000028,5.36233411321,-1.7119077904,24.0260343063,6.19665540985,5.9945079991,0.0,4.7887932547,-1.45873256752,5.77325093572,-0.0431952483216,-0.145017242373,0.0,429.10944455421316,428.5837216733231,428.3641312305344,429.81889749299745
3.660000000000003,5.65402009736,-1.80084295568,24.3705177072,6.19384492887,5.98567024203,0.0,4.93462735379,-1.50597553645,5.7092751141,-0.055365103966,-0.152287977839,0.0,438.52841378590784,437.9031431427368,437.5115923144401,436.4954872491438
3.720000000000003,5.95541175451,-1.89290267098,24.7138285991,6.19055294122,5.97695638601,0.0,5.11225752198,-1.56291872694,5.7335420678,-0.0538877481469,-0.133937707593,0.0,465.82739822730537,467.24162518014504,467.4901684693806,467.6034469738932
3.780000000000003,6.2664101477,-1.98809162272,25.0548391205,6.18723823202,5.96891483448,0.0,5.25484870144,-1.61029695521,5.63343391254,-0.0581072007922,-0.134202551188,0.0,427.60508664552117,427.5651888547678,428.06764844304297,427.706145589974
3.840000000000003,6.5867040997,-2.08636440561,25.391786631,6.18383943848,5.9608836985,0.0,5.42203985884,-1.6657152846,5.59765258568,-0.0538756499581,-0.133161491268,0.0,449.2661701500143,449.33430274030115,449.85120758514114,450.1916694388093
3.900000000000003,6.91753978514,-2.18813855882,25.7277497047,6.18070880872,5.95287043707,0.0,5.6061814815,-1.7269783543,5.60033756543,-0.0489810342926,-0.134351012483,0.0,462.8741988404808,462.7649015430716,463.63678321470195,464.01963918983773
3.960000000000003,7.25808451211,-2.29320997137,26.0596384015,6.17768915774,5.94494565403,0.0,5.74579364069,-1.77564004704,5.46276915935,-0.0531653872242,-0.127889719396,0.0,416.657821237086,417.20518745163554,418.1505810219233,417.7840112699426
4.020000000000002,7.60913513927,-2.40186000807,26.3890263841,6.17447499271,5.93703783614,0.0,5.95613750499,-1.84623342498,5.51566453442,-0.0543896594605,-0.141043929069,0.0,481.1797664484212,480.16800290651014,480.93767747295215,480.8432647357255
4.080000000000001,7.97183550431,-2.51447865618,26.7185440495,6.1717669857,5.92937668725,0.0,6.13422637168,-1.90792847139,5.46774380634,-0.0311331909661,-0.109358532993,0.0,448.8381371946369,451.38766939872147,450.43397922892206,452.3100754950983
4.14,8.34616398186,-2.63109992974,27.0474569418,6.17014021299,5.92241589703,0.0,6.3435092683,-1.97952894217,5.49504534438,-0.0200896553866,-0.134627382359,0.0,477.63723771203513,475.69420467559917,475.465362537715,476.3107787202112
4.199999999999998,8.73224946725,-2.75178045455,27.3756215226,6.16921323886,5.914145209,0.0,6.52634145615,-2.04321581451,5.44325576888,-0.00749223757163,-0.145203795064,0.0,453.03862792818063,452.16983601460635,452.2612695002211,453.275167724889
4.259999999999997,9.12931447753,-2.8762727592,27.7004173153,6.16854794803,5.90551352728,0.0,6.70952443875,-2.10655185946,5.38276855512,-0.0194769572224,-0.14130617807,0.0,451.37114290084037,451.666707520999,450.888868187665,449.9194134058235
4.319999999999996,9.53736376815,-3.00455171006,28.0212883306,6.16703918008,5.89728456235,0.0,6.89244650633,-2.16950053265,5.31247956714,-0.0399886625118,-0.129924078486,0.0,447.94209050184224,448.84970259422244,450.0058339382035,448.3417054104534
4.379999999999995,9.95778295809,-3.13701211406,28.3410972835,6.16430205081,5.88926692251,0.0,7.12162219484,-2.24597354343,5.34657633639,-0.0603193104576,-0.142301461558,0.0,484.2557753095337,483.30858006688635,485.10708882830016,483.5764823284797
4.439999999999993,10.3910288311,-3.27382330483,28.6604456762,6.16056606448,5.88046753526,0.0,7.32016885875,-2.31464329081,5.2976318452,-0.0664745345126,-0.157205414506,0.0,459.94265116752405,458.7407916349783,460.496383640414,460.0064147307686
4.499999999999992,10.8376203279,-3.41520090938,28.9798941448,6.15650572676,5.87068159299,0.0,7.5663563401,-2.39816509832,5.34902776704,-0.0701810639199,-0.178726270029,0.0,494.5401258319645,492.9290546835559,494.3871390778373,494.11095174979266
4.559999999999991,11.2993977043,-3.56174430619,29.3029472736,6.15213272086,5.85984378944,0.0,7.82639795826,-2.48682815943,5.41747745994,-0.0789216139311,-0.18473218837,0.0,503.67206933817636,503.21000091708703,502.49968293558237,501.8620078053119
4.6199999999999894,11.7746331722,-3.71301979072,29.6249467057,6.14800425288,5.84824886469,0.0,8.01523470188,-2.55596446348,5.31519337736,-0.0538340005749,-0.221517364543,0.0,453.17668554708195,450.17160403941625,449.64188670489114,451.6666867757406
4.679999999999988,12.2615060885,-3.86855108969,29.9411074449,6.14450039812,5.83549366924,0.0,8.21439099746,-2.62859181519,5.22262403477,-0.0695886103246,-0.198983683049,0.0,455.8493886128494,457.6033446650908,456.2667362874379,455.0043848232101
4.739999999999987,12.7595774227,-4.02823724043,30.2498005073,6.14003956845,5.82335513987,0.0,8.38851761317,-2.69456073772,5.06679731877,-0.0861411121567,-0.209948453411,0.0,436.238291657664,435.28017368271026,436.45226459235937,435.06347329847165
4.799999999999986,13.2682046662,-4.19194165498,30.5490676432,6.1352649447,5.81057684727,0.0,8.5662623143,-2.76256270083,4.9083406471,-0.0689258385344,-0.219817462145,0.0,436.22443167065273,435.35332711470437,435.0247429844518,436.45907841196
4.859999999999984,13.7878150302,-4.3598442645,30.8391380593,6.13139538653,5.79741461669,0.0,8.75459776783,-2.8344284553,4.76008537365,-0.0568461322636,-0.218492871759,0.0,440.50577145681456,440.56724991564573,440.22136033186666,441.2170192068726
4.919999999999983,14.3205532953,-4.53259732642,31.1234097842,6.12852387521,5.78516074484,0.0,9.00355603519,-2.92410381468,4.71416907461,-0.0341725422588,-0.185060984173,0.0,476.76144668484966,479.2709173834027,477.1920805419608,478.91898960469695
4.979999999999982,14.8686577364,-4.71085779545,31.4053635491,6.12594301168,5.77423379648,0.0,9.26658536165,-3.01793663241,4.68277812997,-0.0737286617691,-0.176802240574,0.0,486.95419020106925,487.54285790846626,486.3973345602965,483.4235724368195
5.0399999999999805,15.4318540864,-4.89457506423,31.6839247214,6.12137410838,5.76333911566,0.0,9.50666740878,-3.10620189936,4.60141961667,-0.0814863468902,-0.193411553299,0.0,473.17056337283736,471.8596254453077,472.7566479982212,472.15408175687065
